Racket:
    Transform: 0.45449, -0.20278, 0.18939
    Orient: 90, 0, -150
    Scale: 0.51, 0.51, 0.51


